Whatsapp: <svg xmlns="http://www.w3.org/2000/svg" x="0px" y="0px" width="24" height="24" viewBox="0 0 24 24">
    <path d="M 12.011719 2 C 6.5057187 2 2.0234844 6.478375 2.0214844 11.984375 C 2.0204844 13.744375 2.4814687 15.462563 3.3554688 16.976562 L 2 22 L 7.2324219 20.763672 C 8.6914219 21.559672 10.333859 21.977516 12.005859 21.978516 L 12.009766 21.978516 C 17.514766 21.978516 21.995047 17.499141 21.998047 11.994141 C 22.000047 9.3251406 20.962172 6.8157344 19.076172 4.9277344 C 17.190172 3.0407344 14.683719 2.001 12.011719 2 z M 12.009766 4 C 14.145766 4.001 16.153109 4.8337969 17.662109 6.3417969 C 19.171109 7.8517969 20.000047 9.8581875 19.998047 11.992188 C 19.996047 16.396187 16.413812 19.978516 12.007812 19.978516 C 10.674812 19.977516 9.3544062 19.642812 8.1914062 19.007812 L 7.5175781 18.640625 L 6.7734375 18.816406 L 4.8046875 19.28125 L 5.2851562 17.496094 L 5.5019531 16.695312 L 5.0878906 15.976562 C 4.3898906 14.768562 4.0204844 13.387375 4.0214844 11.984375 C 4.0234844 7.582375 7.6067656 4 12.009766 4 z M 8.4765625 7.375 C 8.3095625 7.375 8.0395469 7.4375 7.8105469 7.6875 C 7.5815469 7.9365 6.9355469 8.5395781 6.9355469 9.7675781 C 6.9355469 10.995578 7.8300781 12.182609 7.9550781 12.349609 C 8.0790781 12.515609 9.68175 15.115234 12.21875 16.115234 C 14.32675 16.946234 14.754891 16.782234 15.212891 16.740234 C 15.670891 16.699234 16.690438 16.137687 16.898438 15.554688 C 17.106437 14.971687 17.106922 14.470187 17.044922 14.367188 C 16.982922 14.263188 16.816406 14.201172 16.566406 14.076172 C 16.317406 13.951172 15.090328 13.348625 14.861328 13.265625 C 14.632328 13.182625 14.464828 13.140625 14.298828 13.390625 C 14.132828 13.640625 13.655766 14.201187 13.509766 14.367188 C 13.363766 14.534188 13.21875 14.556641 12.96875 14.431641 C 12.71875 14.305641 11.914938 14.041406 10.960938 13.191406 C 10.218937 12.530406 9.7182656 11.714844 9.5722656 11.464844 C 9.4272656 11.215844 9.5585938 11.079078 9.6835938 10.955078 C 9.7955938 10.843078 9.9316406 10.663578 10.056641 10.517578 C 10.180641 10.371578 10.223641 10.267562 10.306641 10.101562 C 10.389641 9.9355625 10.347156 9.7890625 10.285156 9.6640625 C 10.223156 9.5390625 9.737625 8.3065 9.515625 7.8125 C 9.328625 7.3975 9.131125 7.3878594 8.953125 7.3808594 C 8.808125 7.3748594 8.6425625 7.375 8.4765625 7.375 z"></path>
</svg>



GitHub:  <svg xmlns="http://www.w3.org/2000/svg" x="0px" y="0px" width="50" height="50" viewBox="0 0 50 50">
    <path d="M17.791,46.836C18.502,46.53,19,45.823,19,45v-5.4c0-0.197,0.016-0.402,0.041-0.61C19.027,38.994,19.014,38.997,19,39 c0,0-3,0-3.6,0c-1.5,0-2.8-0.6-3.4-1.8c-0.7-1.3-1-3.5-2.8-4.7C8.9,32.3,9.1,32,9.7,32c0.6,0.1,1.9,0.9,2.7,2c0.9,1.1,1.8,2,3.4,2 c2.487,0,3.82-0.125,4.622-0.555C21.356,34.056,22.649,33,24,33v-0.025c-5.668-0.182-9.289-2.066-10.975-4.975 c-3.665,0.042-6.856,0.405-8.677,0.707c-0.058-0.327-0.108-0.656-0.151-0.987c1.797-0.296,4.843-0.647,8.345-0.714 c-0.112-0.276-0.209-0.559-0.291-0.849c-3.511-0.178-6.541-0.039-8.187,0.097c-0.02-0.332-0.047-0.663-0.051-0.999 c1.649-0.135,4.597-0.27,8.018-0.111c-0.079-0.5-0.13-1.011-0.13-1.543c0-1.7,0.6-3.5,1.7-5c-0.5-1.7-1.2-5.3,0.2-6.6 c2.7,0,4.6,1.3,5.5,2.1C21,13.4,22.9,13,25,13s4,0.4,5.6,1.1c0.9-0.8,2.8-2.1,5.5-2.1c1.5,1.4,0.7,5,0.2,6.6c1.1,1.5,1.7,3.2,1.6,5 c0,0.484-0.045,0.951-0.11,1.409c3.499-0.172,6.527-0.034,8.204,0.102c-0.002,0.337-0.033,0.666-0.051,0.999 c-1.671-0.138-4.775-0.28-8.359-0.089c-0.089,0.336-0.197,0.663-0.325,0.98c3.546,0.046,6.665,0.389,8.548,0.689 c-0.043,0.332-0.093,0.661-0.151,0.987c-1.912-0.306-5.171-0.664-8.879-0.682C35.112,30.873,31.557,32.75,26,32.969V33 c2.6,0,5,3.9,5,6.6V45c0,0.823,0.498,1.53,1.209,1.836C41.37,43.804,48,35.164,48,25C48,12.318,37.683,2,25,2S2,12.318,2,25 C2,35.164,8.63,43.804,17.791,46.836z"></path>
</svg>




Instagram: <svg xmlns="http://www.w3.org/2000/svg" x="0px" y="0px" width="24" height="24" viewBox="0 0 24 24">
    <path d="M 8 3 C 5.243 3 3 5.243 3 8 L 3 16 C 3 18.757 5.243 21 8 21 L 16 21 C 18.757 21 21 18.757 21 16 L 21 8 C 21 5.243 18.757 3 16 3 L 8 3 z M 8 5 L 16 5 C 17.654 5 19 6.346 19 8 L 19 16 C 19 17.654 17.654 19 16 19 L 8 19 C 6.346 19 5 17.654 5 16 L 5 8 C 5 6.346 6.346 5 8 5 z M 17 6 A 1 1 0 0 0 16 7 A 1 1 0 0 0 17 8 A 1 1 0 0 0 18 7 A 1 1 0 0 0 17 6 z M 12 7 C 9.243 7 7 9.243 7 12 C 7 14.757 9.243 17 12 17 C 14.757 17 17 14.757 17 12 C 17 9.243 14.757 7 12 7 z M 12 9 C 13.654 9 15 10.346 15 12 C 15 13.654 13.654 15 12 15 C 10.346 15 9 13.654 9 12 C 9 10.346 10.346 9 12 9 z"></path>
</svg>



LinkedIn: <svg xmlns="http://www.w3.org/2000/svg" x="0px" y="0px" width="24" height="24" viewBox="0 0 24 24">
    <path d="M 5 3 C 3.895 3 3 3.895 3 5 L 3 19 C 3 20.105 3.895 21 5 21 L 19 21 C 20.105 21 21 20.105 21 19 L 21 5 C 21 3.895 20.105 3 19 3 L 5 3 z M 5 5 L 19 5 L 19 19 L 5 19 L 5 5 z M 7.7792969 6.3164062 C 6.9222969 6.3164062 6.4082031 6.8315781 6.4082031 7.5175781 C 6.4082031 8.2035781 6.9223594 8.7167969 7.6933594 8.7167969 C 8.5503594 8.7167969 9.0644531 8.2035781 9.0644531 7.5175781 C 9.0644531 6.8315781 8.5502969 6.3164062 7.7792969 6.3164062 z M 6.4765625 10 L 6.4765625 17 L 9 17 L 9 10 L 6.4765625 10 z M 11.082031 10 L 11.082031 17 L 13.605469 17 L 13.605469 13.173828 C 13.605469 12.034828 14.418109 11.871094 14.662109 11.871094 C 14.906109 11.871094 15.558594 12.115828 15.558594 13.173828 L 15.558594 17 L 18 17 L 18 13.173828 C 18 10.976828 17.023734 10 15.802734 10 C 14.581734 10 13.930469 10.406562 13.605469 10.976562 L 13.605469 10 L 11.082031 10 z"></path>
</svg>




